planner_config:
  signal_server_config:
    sdf_directory: "/home/ivan/tiles"
    output_file: "cobertura_dbm"
    latitude: 40.416775
    longitude: -3.703790
    tx_height: 5.0
    rx_heights: [1.5]
    frequency_mhz: 900.0
    erp_watts: 100.0
    propagation_model: 1
    radius: 10
    resolution: 1200
    plot_dbm: true  # OPTIONAL
  
  drone_data:
    num_drones: 2
    targets:
      - lon: -3.703790
        lat: 40.416775
      - lon: -3.702990
        lat: 40.416775
      - lon: -3.702200
        lat: 40.417200
      - lon: -3.701400
        lat: 40.417900
      - lon: -3.700400
        lat: 40.418400
      - lon: -3.699300
        lat: 40.418600
      - lon: -3.698300
        lat: 40.418300
      - lon: -3.697500
        lat: 40.417600
      - lon: -3.697100
        lat: 40.416700
      - lon: -3.697400
        lat: 40.415800
      - lon: -3.698200
        lat: 40.415100
      - lon: -3.699300
        lat: 40.414700
      - lon: -3.700500
        lat: 40.414700
      - lon: -3.701600
        lat: 40.415000
      - lon: -3.702400
        lat: 40.415700

info_planner:
  docker_name: "Planner"
  docker_file: "/home/ivan/repo/I-Drone/I-Drone/Docker/docker-compose.yml"
  module_ip: "127.0.0.1"
  ssh_ip: "127.0.0.1"
  port: "12346"
  user: "ivan"
  key: "/root/.ssh/id_rsa_idrone"

info_drone:
  docker_name: "Drone"
  docker_file: "/home/ivan/repo/I-Drone/I-Drone/Docker/docker-compose.yml"
  module_ip: "127.0.0.1"
  ssh_ip: "127.0.0.1"
  port: "12347"
  user: "ivan"
  key: "/root/.ssh/id_rsa_idrone"

drone_sim: "PX4"
